RC107-15

VEHICLE
NUMBER     CAPACITY
  25         50

CUSTOMER
CUST NO.   XCOORD.    YCOORD.    DEMAND   READY TIME   DUE DATE   SERVICE TIME
 
    0      40         50          0          0        240          0   
    1      25         85         20        125        191         10   
    2      22         75         30         32         97         10   
    3      22         85         10        101        146         10   
    4      20         80         40         71        193         10   
    5      20         85         20         40        113         10   
    6      18         75         20         55        164         10   
    7      15         75         20         69        118         10   
    8      15         80         10         56        155         10   
    9      10         35         20         51        160         10   
   10      10         40         30         90        177         10   
   11       8         40         40         33        152         10   
   12       8         45         20         49        108         10   
   13       5         35         10         62        191         10   
   14       5         45         10         35        117         10   
   15       2         40         20         39        161         10